Sample	0	1	2	3	4	5	6	7	8	9	10	11	12	13	14	15	16	17	18	19	20	21	22	23	24	25	26	27	28	29	30	31	32	33	34	35	36	37	38	39	40	41	42	43	44
293_S71_L001_clean_FINAL	(1, 41.952836659372245)	(2, 41.9658523042754)	(3, 41.975879413397784)	(4, 41.93444818238234)	(5, 41.91930953391906)	(6, 41.913054838815036)	(7, 41.893637521638304)	(8, 41.89306594375674)	(9, 41.927981186922295)	(10, 41.956524153248196)	(15, 41.98553418035731)	(20, 41.982424796681585)	(25, 41.97820491883594)	(30, 41.96499330437339)	(35, 41.9749681549466)	(40, 41.98380638207532)	(45, 41.9928079171702)	(50, 41.99168716278992)	(55, 41.992245631226524)	(60, 41.98993957210517)	(65, 41.9928237791932)	(70, 41.98388371713212)	(75, 41.990648374979585)	(80, 41.98152212967499)	(85, 41.984422668626486)	(90, 41.98917850726768)	(95, 41.98523926179978)	(100, 41.9565343785726)	(105, 41.98359300996243)	(110, 41.98292320687061)	(115, 41.979882175670625)	(120, 41.96664393841415)	(125, 41.862555066079295)	(130, 41.865198237885465)	(135, 41.80720626149745)	(140, 41.802083333333336)									
293_S71_L001_merged	(1, 41.952208343538246)	(2, 41.96535227365499)	(3, 41.97665115519634)	(4, 41.932663890929874)	(5, 41.91919340354315)	(6, 41.91182953710507)	(7, 41.89063597028329)	(8, 41.89248101885868)	(9, 41.92660625357172)	(10, 41.95594742427953)	(15, 41.98533431300515)	(20, 41.98214384847743)	(25, 41.97792146297657)	(30, 41.96416033961957)	(35, 41.97419544452608)	(40, 41.98347925501539)	(45, 41.99273724773038)	(50, 41.99168571615179)	(55, 41.991868591208934)	(60, 41.990147606296134)	(65, 41.99267181555443)	(70, 41.98352660569509)	(75, 41.99046017178876)	(80, 41.98157679871975)	(85, 41.98448675658905)	(90, 41.98915052745028)	(95, 41.9848590744309)	(100, 41.95604689898429)	(105, 41.98331428198177)	(110, 41.98287337927431)	(115, 41.97894771220484)	(120, 41.97970214572651)	(125, 41.97899996734054)	(130, 41.97214755784901)	(135, 41.95402809118774)	(140, 41.91705612209551)									
294_S72_L001_clean_FINAL	(1, 41.9599688372395)	(2, 41.962812439135234)	(3, 41.968188015321694)	(4, 41.957294033629815)	(5, 41.94082970849834)	(6, 41.92145685905343)	(7, 41.863766798675584)	(8, 41.841848990456405)	(9, 41.880438875543724)	(10, 41.950575861845095)	(15, 41.9833720703759)	(20, 41.973550607024606)	(25, 41.97245471661365)	(30, 41.96044406933714)	(35, 41.975957930273324)	(40, 41.978705446990844)	(45, 41.98979419593586)	(50, 41.99039117990666)	(55, 41.992331065288525)	(60, 41.97853061860489)	(65, 41.98657352100971)	(70, 41.985672362748666)	(75, 41.98825637562977)	(80, 41.90352412611021)	(85, 41.976832181997615)	(90, 41.96962291590921)	(95, 41.9853347530255)	(100, 41.96051245748349)	(105, 41.980534068778674)	(110, 41.9708698344679)	(115, 41.97697468553856)	(120, 41.915495274828764)	(125, 41.74631459656728)	(130, 41.76029411764706)	(135, 41.74709630516062)	(140, 41.75744255744256)	(145, 42.0)	(150, 40.2)	(155, 38.4)	(160, 38.0)	(165, 38.25)				
294_S72_L001_merged	(1, 41.959618503860376)	(2, 41.96345941737494)	(3, 41.966638551871796)	(4, 41.95711412444041)	(5, 41.94010251086745)	(6, 41.92023616427691)	(7, 41.859845584895865)	(8, 41.84221112048271)	(9, 41.87982871601894)	(10, 41.94985272172842)	(15, 41.9831908129501)	(20, 41.97274768052942)	(25, 41.9714007655875)	(30, 41.95931226886395)	(35, 41.97524671303309)	(40, 41.97828298557043)	(45, 41.98928423128828)	(50, 41.99040278210319)	(55, 41.992144191840545)	(60, 41.98116370808678)	(65, 41.98626192283547)	(70, 41.98593478349935)	(75, 41.98776479750778)	(80, 41.89980789200415)	(85, 41.975822949117344)	(90, 41.968546209761165)	(95, 41.98487279335411)	(100, 41.9602466251298)	(105, 41.98025700934579)	(110, 41.97082554517134)	(115, 41.97647715472482)	(120, 41.97685077133825)	(125, 41.97895479378045)	(130, 41.97136576268364)	(135, 41.965489792849965)	(140, 41.93130861793511)	(145, 41.839999999999996)	(150, 40.2)	(155, 38.4)	(160, 38.0)	(165, 38.2)	(170, 37.8)	(175, 36.4)	(180, 35.4)	(185, 32.666666666666664)
295_S73_L001_clean_FINAL	(1, 41.94124245499706)	(2, 41.9560386731478)	(3, 41.96116660434806)	(4, 41.89183270124459)	(5, 41.88643769029432)	(6, 41.88179050264409)	(7, 41.92249345654612)	(8, 41.93851824154692)	(9, 41.964852304898244)	(10, 41.9379092997169)	(15, 41.981774477859084)	(20, 41.97645424923883)	(25, 41.96948880935848)	(30, 41.96041878104802)	(35, 41.96737353773837)	(40, 41.98274664814914)	(45, 41.991325249719566)	(50, 41.9860584370493)	(55, 41.99279952993964)	(60, 41.988707868169435)	(65, 41.9920410234496)	(70, 41.9861973185193)	(75, 41.98833395651941)	(80, 41.96654024891833)	(85, 41.97988355322899)	(90, 41.984381176219216)	(95, 41.97926392820896)	(100, 41.97881523422895)	(105, 41.982244538219106)	(110, 41.98099460498905)	(115, 41.97237931831451)	(120, 41.82685887418786)	(125, 41.77272727272727)	(130, 41.54242424242424)	(135, 41.71915933528837)	(140, 42.0)	(145, 42.0)								
295_S73_L001_merged	(1, 41.93596715717637)	(2, 41.953988057155044)	(3, 41.95942631691192)	(4, 41.88371721049264)	(5, 41.88275751759437)	(6, 41.87886542972915)	(7, 41.92253145660055)	(8, 41.937566645340155)	(9, 41.96257197696737)	(10, 41.93532736191086)	(15, 41.97856685860525)	(20, 41.97314992535722)	(25, 41.965930902111324)	(30, 41.95754958413308)	(35, 41.964523352527195)	(40, 41.98109001530273)	(45, 41.990500350113244)	(50, 41.98614284189175)	(55, 41.99214208971377)	(60, 41.98985302225283)	(65, 41.991518906216626)	(70, 41.98603930784021)	(75, 41.98857081820124)	(80, 41.965797906430254)	(85, 41.97984405041658)	(90, 41.98441572313608)	(95, 41.9775368511002)	(100, 41.98033539841914)	(105, 41.98300576799829)	(110, 41.98036744285409)	(115, 41.970818201239055)	(120, 41.97719504379406)	(125, 41.97345652638325)	(130, 41.97200365991957)	(135, 41.94756917533585)	(140, 41.926313853992525)	(145, 42.0)								
296_S77_L001_clean_FINAL	(1, 41.95260910961639)	(2, 41.95042845296231)	(3, 41.96550876869683)	(4, 41.918609293897234)	(5, 41.91028594244295)	(6, 41.885930157560125)	(7, 41.89290211615836)	(8, 41.89901409748457)	(9, 41.93190822813968)	(10, 41.94494916920053)	(15, 41.98046623053533)	(20, 41.98272059952701)	(25, 41.97266500813907)	(30, 41.96232071009552)	(35, 41.97286157437268)	(40, 41.98448969562948)	(45, 41.99359316932339)	(50, 41.989907552443256)	(55, 41.99305875487577)	(60, 41.99030068491047)	(65, 41.99162136429252)	(70, 41.982382751313004)	(75, 41.989981264780866)	(80, 41.979329831997305)	(85, 41.98335329709144)	(90, 41.990073405202864)	(95, 41.98080407874935)	(100, 41.960821892564276)	(105, 41.98552166835591)	(110, 41.9853189594275)	(115, 41.976968633910566)	(120, 41.87490239551478)	(125, 41.99166666666666)	(130, 41.8375)	(135, 41.75861857440805)	(140, 42.0)	(145, 42.0)	(150, 42.0)							
296_S77_L001_merged	(1, 41.94437455895438)	(2, 41.94636885220753)	(3, 41.96336636701132)	(4, 41.91375448715982)	(5, 41.90948976774154)	(6, 41.88316509679993)	(7, 41.889945693860646)	(8, 41.89519221918817)	(9, 41.93207130365416)	(10, 41.94314116528089)	(15, 41.979167305863214)	(20, 41.98068296873562)	(25, 41.97136808517166)	(30, 41.959887092320436)	(35, 41.97132962765797)	(40, 41.98366278808893)	(45, 41.99322672358393)	(50, 41.99025423728814)	(55, 41.99255094105)	(60, 41.990345805016496)	(65, 41.99178284099982)	(70, 41.981551311183445)	(75, 41.99030891113431)	(80, 41.97940183012959)	(85, 41.98317877540994)	(90, 41.98962721857151)	(95, 41.98075293250629)	(100, 41.96064607259105)	(105, 41.985266842719405)	(110, 41.98569673893017)	(115, 41.97486949579316)	(120, 41.97693913897931)	(125, 41.98370079223731)	(130, 41.97195832231154)	(135, 41.95265745559078)	(140, 41.95771440787555)	(145, 42.0)	(150, 42.0)							
297_S78_L001_clean_FINAL	(1, 41.923119122257056)	(2, 41.947742946708466)	(3, 41.95730407523511)	(4, 41.93575235109718)	(5, 41.91772727272727)	(6, 41.91051724137931)	(7, 41.829106583072104)	(8, 41.84871473354232)	(9, 41.880282131661446)	(10, 41.93012225705329)	(15, 41.97837304075235)	(20, 41.970949843260186)	(25, 41.969009404388714)	(30, 41.95418808777429)	(35, 41.96298746081504)	(40, 41.97973354231975)	(45, 41.985727272727274)	(50, 41.98484247346594)	(55, 41.988881085843914)	(60, 41.98611520491675)	(65, 41.98800915618827)	(70, 41.96852993340365)	(75, 41.981439322671676)	(80, 41.972279390943854)	(85, 41.97116605779332)	(90, 41.98546543533137)	(95, 41.97980212922748)	(100, 41.94333558067703)	(105, 41.97922932794442)	(110, 41.9749742058939)	(115, 41.9736301258255)	(120, 41.91825700538072)	(125, 41.75538545860834)	(130, 41.64233209903566)	(135, 41.7244978831316)	(140, 41.92663043478261)									
297_S78_L001_merged	(1, 41.92040736388562)	(2, 41.946980023501766)	(3, 41.95531531531532)	(4, 41.93690560125343)	(5, 41.918777908343124)	(6, 41.90972189580885)	(7, 41.825616921269095)	(8, 41.84651782216999)	(9, 41.88067371719546)	(10, 41.929369369369375)	(15, 41.9785757931845)	(20, 41.96968272620447)	(25, 41.968526439482964)	(30, 41.953344300822565)	(35, 41.962043086564826)	(40, 41.97993548557986)	(45, 41.98530940363486)	(50, 41.984904932434105)	(55, 41.98888157688572)	(60, 41.98653416706079)	(65, 41.98797858586397)	(70, 41.96762025714727)	(75, 41.98155131919971)	(80, 41.97176950142936)	(85, 41.97091667189166)	(90, 41.985425234829975)	(95, 41.9788290618387)	(100, 41.943440708519475)	(105, 41.978747550748494)	(110, 41.9734618700525)	(115, 41.97059017164354)	(120, 41.968022572301905)	(125, 41.9692343931377)	(130, 41.95475070665254)	(135, 41.95220345788938)	(140, 41.919381149918095)	(145, 41.47728563430707)								
298_S79_L001_clean_FINAL	(1, 41.95693486360712)	(2, 41.973529455775186)	(3, 41.97379879992219)	(4, 41.92245881279086)	(5, 41.89925032545751)	(6, 41.912208771641055)	(7, 41.947687381226714)	(8, 41.96420715557617)	(9, 41.98587439584612)	(10, 41.96039144682698)	(15, 41.98375555522303)	(20, 41.97429858295052)	(25, 41.987454548175194)	(30, 41.96741833635098)	(35, 41.97602537820408)	(40, 41.984946654895325)	(45, 41.991530622933155)	(50, 41.99053404958925)	(55, 41.99308384084754)	(60, 41.970551706594435)	(65, 41.989869667359976)	(70, 41.98768797976926)	(75, 41.988932948270964)	(80, 41.92199793502821)	(85, 41.987888491523144)	(90, 41.98727797812327)	(95, 41.98543147435994)	(100, 41.98832213906198)	(105, 41.98280403484091)	(110, 41.98392050046395)	(115, 41.98547122437064)	(120, 41.916245581450475)	(125, 41.85058365758755)	(130, 41.824902723735406)	(135, 41.91232523815913)	(140, 42.0)									
298_S79_L001_merged	(1, 41.95509080573258)	(2, 41.97127726415941)	(3, 41.97162133859917)	(4, 41.91643479041379)	(5, 41.899231068425934)	(6, 41.91275468988421)	(7, 41.94728181192592)	(8, 41.96328875325375)	(9, 41.985324477156446)	(10, 41.96011728450469)	(15, 41.98375968644346)	(20, 41.973213056877)	(25, 41.986317805104264)	(30, 41.966334560033516)	(35, 41.97495138078569)	(40, 41.984839780989134)	(45, 41.99131735631152)	(50, 41.9904676420429)	(55, 41.99305867217186)	(60, 41.97381144720701)	(65, 41.98974358974359)	(70, 41.987715046524855)	(75, 41.98868144690782)	(80, 41.9170750680669)	(85, 41.98810100828771)	(90, 41.98737695598839)	(95, 41.985498010352146)	(100, 41.98810998414266)	(105, 41.98246716333064)	(110, 41.98439398019328)	(115, 41.98423540675582)	(120, 41.987529276764555)	(125, 41.98533409949083)	(130, 41.96902806001523)	(135, 41.957214603510394)	(140, 41.97072198626941)									
299_S80_L001_clean_FINAL	(1, 41.922770771845094)	(2, 41.946963598962526)	(3, 41.955616671138536)	(4, 41.901574098917806)	(5, 41.8876442178696)	(6, 41.89401663536356)	(7, 41.92849476790985)	(8, 41.945040694034525)	(9, 41.96230211966729)	(10, 41.93677667471603)	(15, 41.98006886682765)	(20, 41.97667471603613)	(25, 41.97434039889097)	(30, 41.96191753868169)	(35, 41.965208836418924)	(40, 41.986070118951794)	(45, 41.993202754673106)	(50, 41.98555743624736)	(55, 41.99248110211566)	(60, 41.989054882139826)	(65, 41.991175023482576)	(70, 41.98546763877086)	(75, 41.98876861832982)	(80, 41.97395893903475)	(85, 41.978565997226816)	(90, 41.98671557006754)	(95, 41.97964843225835)	(100, 41.98136154224628)	(105, 41.988366059847024)	(110, 41.98366507134231)	(115, 41.97411300082304)	(120, 41.90093673856127)	(125, 41.84790419161676)	(130, 41.633532934131736)	(135, 41.88120695055752)	(140, 41.748917748917755)									
299_S80_L001_merged	(1, 41.922220980895986)	(2, 41.947603619707294)	(3, 41.955580382080214)	(4, 41.8980672550553)	(5, 41.88743157189141)	(6, 41.893218634789406)	(7, 41.926578035973634)	(8, 41.94583845380404)	(9, 41.96018321975198)	(10, 41.935671991956205)	(15, 41.97934979331918)	(20, 41.976007150039095)	(25, 41.97314713439839)	(30, 41.96102781812088)	(35, 41.96492458943135)	(40, 41.986061581087725)	(45, 41.99260829918438)	(50, 41.985435287808365)	(55, 41.99247407937076)	(60, 41.98928762960314)	(65, 41.99141426568757)	(70, 41.98535485264703)	(75, 41.98945956219394)	(80, 41.97317711244773)	(85, 41.97824832860049)	(90, 41.98606533550969)	(95, 41.978655278044855)	(100, 41.98121771795273)	(105, 41.98860541555799)	(110, 41.98387406927085)	(115, 41.97095007043356)	(120, 41.97705431209892)	(125, 41.97526552333252)	(130, 41.96422422467187)	(135, 41.95589640016774)	(140, 41.97636849955627)									
300_S81_L001_clean_FINAL	(1, 41.93870655417021)	(2, 41.95913770278014)	(3, 41.954257147938115)	(4, 41.89717243968464)	(5, 41.87506174791045)	(6, 41.876721531743364)	(7, 41.93082258096386)	(8, 41.95939457408761)	(9, 41.9767235076765)	(10, 41.94459483491079)	(15, 41.97831215791658)	(20, 41.98317690529352)	(25, 41.97365290758561)	(30, 41.964239562133216)	(35, 41.97238040664704)	(40, 41.98425181291865)	(45, 41.99267323993756)	(50, 41.990989744907026)	(55, 41.993372720267146)	(60, 41.98982789622399)	(65, 41.991815684957224)	(70, 41.98693117824892)	(75, 41.98966982157324)	(80, 41.97916971289691)	(85, 41.983366594874425)	(90, 41.98926673121382)	(95, 41.982750103736485)	(100, 41.986840285324746)	(105, 41.98874508486633)	(110, 41.984745796202255)	(115, 41.97886337015811)	(120, 41.94754600661021)	(125, 41.90093740845621)	(130, 41.708021390374334)	(135, 41.72609863522539)	(140, 42.0)									
300_S81_L001_merged	(1, 41.937124683944376)	(2, 41.95695717446271)	(3, 41.95249288874842)	(4, 41.895820164348926)	(5, 41.87551359039191)	(6, 41.876856826801514)	(7, 41.93137642225032)	(8, 41.95938685208597)	(9, 41.97661188369153)	(10, 41.944607300884954)	(15, 41.97846871049305)	(20, 41.9824865676359)	(25, 41.97298909608091)	(30, 41.96314396333755)	(35, 41.971464127686474)	(40, 41.983363621997476)	(45, 41.99252133375474)	(50, 41.99018647281922)	(55, 41.99327986725664)	(60, 41.989834860935524)	(65, 41.99181415929203)	(70, 41.98661504424779)	(75, 41.98990992414665)	(80, 41.97893489254109)	(85, 41.983102876106194)	(90, 41.988839285714285)	(95, 41.98215470922882)	(100, 41.98622787610619)	(105, 41.98846792035398)	(110, 41.984493520859665)	(115, 41.97695164348925)	(120, 41.98025442477876)	(125, 41.98277496839444)	(130, 41.97492478944359)	(135, 41.951878164467054)	(140, 41.74918017801034)	(145, 41.916666666666664)								
301_S82_L001_clean_FINAL	(1, 41.94503202018242)	(2, 41.92465554046187)	(3, 41.94590529788473)	(4, 41.92902192897341)	(5, 41.924898117601394)	(6, 41.9161168251504)	(7, 41.9720065980982)	(8, 41.97773141859111)	(9, 41.984378032214245)	(10, 41.95880069862216)	(15, 41.98037065786921)	(20, 41.98469823403842)	(25, 41.971288569765186)	(30, 41.95349311080924)	(35, 41.96748496021734)	(40, 41.984300407529595)	(45, 41.97800310498739)	(50, 41.981765862714866)	(55, 41.97813532957419)	(60, 41.981556560206116)	(65, 41.9747213704072)	(70, 41.952298014061924)	(75, 41.940599931936404)	(80, 41.965209781710335)	(85, 41.94525742622393)	(90, 41.97255855517788)	(95, 41.96352409199203)	(100, 41.94802353284388)	(105, 41.97235040018825)	(110, 41.957847600178454)	(115, 41.97808459115701)	(120, 41.73353509810612)	(125, 41.81411764705882)	(130, 41.37325028256917)	(135, 41.46597407497238)	(140, 41.89090909090909)	(145, 42.0)	(150, 42.0)							
301_S82_L001_merged	(1, 41.941996815132946)	(2, 41.92544515755441)	(3, 41.94344448197655)	(4, 41.92665154659075)	(5, 41.919123679004)	(6, 41.91728996766877)	(7, 41.972976885586064)	(8, 41.97823674178449)	(9, 41.98441345365053)	(10, 41.95610674130194)	(15, 41.98042754427448)	(20, 41.98228055783429)	(25, 41.970071900786564)	(30, 41.95221734304879)	(35, 41.966423631768876)	(40, 41.98424786448531)	(45, 41.97513633511896)	(50, 41.98034749034749)	(55, 41.97552936951805)	(60, 41.981070901220775)	(65, 41.97481664377335)	(70, 41.95180325120299)	(75, 41.93804965745105)	(80, 41.96622127204703)	(85, 41.942024197074964)	(90, 41.97312945096549)	(95, 41.961214771622934)	(100, 41.94695821185617)	(105, 41.97034013605442)	(110, 41.94832575036095)	(115, 41.969404218097)	(120, 41.958363300612305)	(125, 41.96849748200318)	(130, 41.9621200477892)	(135, 41.95890094324814)	(140, 37.69375063481003)	(145, 32.6)	(150, 25.8)	(155, 26.0)	(160, 24.4)	(165, 29.8)	(170, 32.0)			
